# Job IDs that have already been included in a report. These are excluded from future reports.
# One job ID (LinkedIn numeric ID) per line. Lines starting with # are ignored.
# Delete this file or remove IDs to include those jobs in the next report again.
4327104521
4342501767
4346802212
4361999437
4362064904
4362079790
4362086685
4362164812
4362394948
4362864007
4363940265
4365183848
4365370019
4368639290
4371302395
4371470475
4371612053
4371618155
4376152792
4376823077
4378974781
4378979338
4379425054
4379679428
4379872861
4280416803
4351114517
4364199438
4364540502
4369658093
4369862975
4371623867
4372008294
4372632895
4372722758
4372792237
4379410734
4380059627
4380809992
4380814771
4380815452
4380817801
4380819553
4380819795
4380823136
4380833793
4381062803
4381068520
4298266162
4302058911
4324623331
4332861432
4333067505
4333351502
4333420110
4337065268
4342513255
4343465397
4351108526
4362197955
4363385474
4363416916
4365465349
4365528800
4365640248
4370202997
4370433192
4370536968
4372082643
4372088594
4376489061
4376498813
4377614122
4309327009
4329881383
4362213371
4373360230
4377026616
4380687269
4381058614
4381291345
4381532620
4381538258
4381541611
4381557969
4381705345
4381710356
4381719663
4381732462
4381734224
4381741406
4337629445
4363493683
4363792304
4370731429
4371326175
4373030302
4374850018
4379290504
4381750973
4381756569
4381765726
4381780615
4381783485
4381898235
4382066786
4382068944
4382071249
4382074062
4382085055
4382114186
4382202841
4382208200
4382249518
4382298998
