# Job IDs that have already been included in a report. These are excluded from future reports.
# One job ID (LinkedIn numeric ID) per line. Lines starting with # are ignored.
# Delete this file or remove IDs to include those jobs in the next report again.
4254767569
4315789974
4325309312
4336727838
4354162908
4362079790
4363732191
4363882205
4363885620
4365102351
4365165980
4370424895
4370433516
4371172627
4371181457
4371300977
4371361582
4371366448
4371371482
4371606442
4377505642
4378974414
4378978877
4379318219
4379334556
4079959129
4343094911
4354073687
4361048163
4364180799
4365341784
4365579445
4369063685
4371714443
4371719363
4371724030
4372123875
4372905242
4372972674
4379425054
4379441700
4380270742
4380280324
4380290108
4380297657
4380491891
4380618439
4380804592
4380810795
4380826104
4327136410
4343350661
4364187867
4364493575
4364523411
4364550676
4372028182
4372720768
4372721723
4372757614
4372770461
4372795426
4380804842
4380812098
4380812483
4380816471
4380822168
4380832350
4380840770
4312716780
4321057330
4323308377
4323711778
4324130153
4325912676
4338337203
4343148451
4344487501
4355675272
4362155539
4362853554
4365682127
4372391163
4373360230
4374330373
4380671935
4380999568
4381264851
4381264936
4381277208
4381282585
4381551708
4381572338
4381580871
4278670378
4292004317
4321447063
4333398329
4368139887
4369165533
4369907955
4371931557
4371944275
4373863382
4376096547
4380979832
4381303841
4381736138
4381742708
4381746489
4381748512
4381759226
4381776473
4381781315
4381783049
4381787558
4381796263
3906643393
4324402215
4336772331
4338816943
4343679200
4344650912
4351744762
4351884617
4356232592
4365899991
4366020323
4366191841
4366195777
4366509905
4366562671
4366992518
4370777290
4373010804
4373392520
4373397486
4373620538
4373672550
4373986957
4375109047
4375146901
